19551
0.7708570499268174
(0.8787541713014461, 0.8787541713014461, 0.8787541713014461, None)
21576
1






28718
0.516061305899643
(0.5989278752436648, 0.5989278752436648, 0.5989278752436648, None)
16416
1






21601
0.7431957498978341
(0.7701363597865672, 0.7701363597865672, 0.7701363597865672, None)
47228
1






926
0.31443298969072164
(0.5041322314049587, 0.5041322314049587, 0.5041322314049587, None)
242
1






39722
0.7023878541923327
(0.7201983986922034, 0.7201983986922034, 0.7201983986922035, None)
107662
1






15068
0.5159425367904695
(0.5466864674215705, 0.5466864674215705, 0.5466864674215705, None)
10774
1






